%YAML:1.0
---
intrinsic_left: !!opencv-matrix
   rows: 3
   cols: 3
   dt: d
   data: [ 5.1699648404255777e+02, 0., 3.0187912119519626e+02, 0.,
       5.1705205165217933e+02, 2.6763792826677002e+02, 0., 0., 1. ]
distCoeffs_left: !!opencv-matrix
   rows: 1
   cols: 5
   dt: d
   data: [ -6.4660655588711730e-02, 3.0850028857041922e-01,
       2.2497286135587778e-04, 1.0036689201238101e-04,
       -4.7276051056323171e-01 ]
intrinsic_right: !!opencv-matrix
   rows: 3
   cols: 3
   dt: d
   data: [ 5.1878309529056128e+02, 0., 3.1341248039188463e+02, 0.,
       5.1893284790066173e+02, 2.6442561837294227e+02, 0., 0., 1. ]
distCoeffs_right: !!opencv-matrix
   rows: 1
   cols: 5
   dt: d
   data: [ -5.5135933727718633e-02, 2.5613590957909199e-01,
       -1.9142638119005870e-04, 5.1947495442291811e-04,
       -3.2649320237614621e-01 ]
R: !!opencv-matrix
   rows: 3
   cols: 3
   dt: d
   data: [ 9.9999788708457316e-01, -1.9667638236820278e-03,
       -5.9805221448670266e-04, 1.9666064696056531e-03,
       9.9999803148896260e-01, -2.6358526799479258e-04,
       5.9856944718385849e-04, 2.6240857770725714e-04,
       9.9999978642815479e-01 ]
T: !!opencv-matrix
   rows: 3
   cols: 1
   dt: d
   data: [ -6.0120628441097132e+01, -8.8543930949400960e-03,
       -2.8002184709884281e-01 ]
R_L: !!opencv-matrix
   rows: 3
   cols: 3
   dt: d
   data: [ 9.9999010704936830e-01, -1.8182450384898589e-03,
       4.0595305606229287e-03, 1.8187954421620594e-03,
       9.9999833729198184e-01, -1.3189545473147178e-04,
       -4.0592839925527383e-03, 1.3927760557720344e-04,
       9.9999175137358831e-01 ]
R_R: !!opencv-matrix
   rows: 3
   cols: 3
   dt: d
   data: [ 9.9998914240216707e-01, 1.4727552234713515e-04,
       4.6576160960890541e-03, -1.4789007394553288e-04,
       9.9999998040479976e-01, 1.3160139021675544e-04,
       -4.6575966231586358e-03, -1.3228877653067146e-04,
       9.9998914458776789e-01 ]
P1: !!opencv-matrix
   rows: 3
   cols: 4
   dt: d
   data: [ 5.4160581869532939e+02, 0., 2.9518814849853516e+02, 0., 0.,
       5.4160581869532939e+02, 2.7475305557250977e+02, 0., 0., 0., 1.,
       0. ]
P2: !!opencv-matrix
   rows: 3
   cols: 4
   dt: d
   data: [ 5.4160581869532939e+02, 0., 2.9518814849853516e+02,
       -3.2562035732806715e+04, 0., 5.4160581869532939e+02,
       2.7475305557250977e+02, 0., 0., 0., 1., 0. ]
Q: !!opencv-matrix
   rows: 4
   cols: 4
   dt: d
   data: [ 1., 0., 0., -2.9518814849853516e+02, 0., 1., 0.,
       -2.7475305557250977e+02, 0., 0., 0., 5.4160581869532939e+02, 0.,
       0., 1.6633045401078957e-02, 0. ]
validROIL: [ 0, 0, 640, 480 ]
validROIR: [ 0, 0, 640, 480 ]
